01000110
01100001
01110010
00100000
01100110
01100001
01110010
00100000
01100001
01110111
01100001
01111001
00101100
00100000
01100010
01100101
01101000
01101001
01101110
01100100
00100000
01110100
01101000
01100101
00100000
01110111
01101111
01110010
01100100
00100000
01101101
01101111
01110101
01101110
01110100
01100001
01101001
01101110
01110011
00101100
00100000
01100110
01100001
01110010
00100000
01100110
01110010
01101111
01101101
00100000
01110100
01101000
01100101
00100000
01100011
01101111
01110101
01101110
01110100
01110010
01101001
01100101
01110011
00100000
01010110
01101111
01101011
01100001
01101100
01101001
01100001
00100000
01100001
01101110
01100100
00100000
01000011
01101111
01101110
01110011
01101111
01101110
01100001
01101110
01110100
01101001
01100001
00101100
00100000
01110100
01101000
01100101
01110010
01100101
00100000
01101100
01101001
01110110
01100101
00100000
01110100
01101000
01100101
00100000
01100010
01101100
01101001
01101110
01100100
00100000
01110100
01100101
01111000
01110100
01110011
00101110
