-21.744215847946965
13.662526651303326
33.806701922353106
-21.77110571208986
-143.52232322710097
-235.73919464439257
-212.752485239623
-100.3818181292983
-9.485942872983596
-5.298216223049411
-36.729693033498314
-17.504353290175874
48.280785511461985
64.66397208883564
-28.101351509228895
-163.15424785368847
-215.4090803701836
-145.43193567555213
-39.178968750681015
2.6229522293847545
-16.995172290448977
-11.947425968757809
59.774736064683594
129.50044394265237
99.7151197782398
-27.881100731027836
-141.44925846713673
-143.2834790159562
-57.56450025660655
10.192184837478809
7.8648660925481675
-5.816192671431584
48.17558856789906
150.67274194220482
194.6363810609567
115.70272866822292
-21.624448015345607
-93.23082898720179
-55.81043372680843
14.70774488758371
30.124554775354262
2.9438889086636566
21.588658294645647
122.1925625041388
224.83503619461237
220.9811410185754
105.58861774159877
-12.341124965456723
-35.72202516140308
14.437193153503342
42.476990666886266
10.498784656375884
-12.391623815294917
53.14941524295821
180.20908787368342
252.37531871391587
197.46264456272664
72.74210311298857
-4.0438713648172335
8.607356244475634
40.55454146728683
15.406617741143158
-41.57261676276648
-33.51929424126997
76.51463346428102
202.0927564218473
225.17211427588228
132.87178270989847
28.06402098530276
0.9348804011343317
25.702738754216586
12.167112613378928
-61.03044692722638
-109.72709081231679
-52.29762133325796
80.0604723177001
172.87139196409805
156.44755297536187
72.14107219556023
8.213496455640241
0.8517391313032537
17.94092863988069
20.158470261338394
6.242457982658379
-3.4129311582875
-1.8374861505168374
1.2178777868728323
-0.6425399314351761
-3.0718883797005483
-1.860195797958041
