110250.0036206806
110249.99637901403
110250.00362190274
110249.9963765683
110250.00362557473
110249.99637166606
110250.00363171285
110249.99636428514
110250.0036403448
110249.99635439228
110250.0036515097
110249.99634194252
110250.00366525861
110249.99632687854
110250.00368165526
110249.99630913003
110250.00370077668
110249.9962886129
110250.00372271443
110249.9962652279
110250.00374757551
110249.9962388598
110250.00377548387
110249.99620937533
110250.0038065825
110249.9961766217
110250.00384103486
110249.996140424
110250.00387902773
110249.9961005829
110250.00392077393
110249.99605687114
110250.0039665158
110249.99600903022
110250.00401652922
110249.99595676563
110250.00407112874
110249.99589974164
110250.00413067293
110249.99583757488
110250.00419557189
110249.99576982643
110250.00426629564
110249.99569599263
110250.00434338424
110249.99561549362
110250.00442746097
110249.99552765902
110250.00451924751
110249.99543171102
110250.00461958346
110249.99532674214
110250.00472945072
110249.99521168847
110250.00485000381
110249.99508529523
110250.00498260884
110249.99494607245
110250.00512889356
110249.99479223866
110250.00529081187
110249.9946216462
110250.00547072936
110249.99443168323
110250.00567153687
110249.99421914222
110250.00589680336
110249.9939800404
110250.0061509867
110249.99370937186
110250.00643972759
110249.99340075758
110250.00677026795
110249.99304594158
110250.0071520615
110249.99263404767
110250.00759768471
110249.99215045356
110250.00812423883
110249.9915750312
110250.00875557859
110249.99087929583
110250.00952599775
110249.99002158665
110250.01048661134
110249.98893849652
110250.01171704139
110249.98752866518
110250.01334832523
110249.98561970069
110250.01561184479
110249.98289378708
110250.01895606195
110249.978697675
110250.02436931367
110249.97146604858
110250.03447212551
110249.95651340412
110250.05821162098
110249.91769411886
110250.00184771816
110243.27797342472
110222.7446314227
110188.84413581168
110141.19264593671
110080.0928369915
110005.33265417986
109917.11524109833
109815.30769075733
109700.06749460081
109571.30791330573
109429.16222790926
109273.57511182503
109104.66613584188
108922.40356336917
108726.89913713871
108518.14006487525
108296.23386841195
108061.18370788428
107813.09524183381
107551.98553374596
107277.95999262012
106991.04811148308
106691.35619228004
106378.92505355296
106053.86271886188
105716.2204759154
105366.10868082236
105003.588405552
104628.77279330158
104241.73213726663
103842.58270653912
103431.40354103255
103008.3142866343
102573.40232090828
102126.7908491085
101668.57522644349
101198.88234588198
100717.81521746409
100225.50450638136
99722.06058312682
99207.61793357308
98682.29401615518
98146.22715578171
97599.5416431969
97042.37963520766
96474.87201227625
95897.16473410768
95309.39503835393
94711.71263965018
94104.26090804153
93487.19324849792
92860.65894455725
92224.8150122163
91579.81643404806
90925.82374464205
90262.99741443775
89591.50139238652
88911.50142799971
88223.16476968717
87526.66223888576
86822.16425885232
86109.84651687836
85389.88247758202
84662.45248866604
83927.73291447919
83185.90855797353
82437.15853409671
81681.67189590904
80919.63035289744
80151.22700292006
79376.6459875312
78596.08424377692
77809.72817686242
77017.77835703088
76220.42327920505
75417.86694041693
74610.29974624957
73797.92891369745
72980.94657518677
72159.562960462
71333.97174055561
70504.38595042324
69671.000607364
68834.03134376406
67993.6743270469
67150.1475791127
66303.64821784564
65454.39644673445
64602.590131206525
63748.45144854791
62892.17880581076
62033.99614658224
61174.10221086019
60312.722501506716
59450.05588025374
58586.32920287152
57721.74123929819
56856.519992708076
55990.8639256054
55125.00198414299
54259.13210583193
53393.4839766852
52528.25478992313
51663.674769849116
50799.94014452487
49937.28147677744
49075.89380722737
48216.00783952868
47357.81720330475
46501.55254769142
45647.40586661165
44795.60756198519
43946.347766293584
43099.85644450175
42256.321640962764
41415.97269723539
40578.99534198272
39745.61811054151
38916.02418749731
38090.44112315351
37269.049328827896
36452.075195376514
35639.69613085125
34832.137197063814
34029.57256795584
33232.225811966215
32440.267637159912
31653.919960030093
30873.349789957356
30098.77723920058
29330.36538443795
28568.332388268194
27812.837159210612
27064.095772275945
26322.262730634207
25587.551891982064
24860.113114839463
24140.157918849687
23427.83127599981
22723.342257009637
22026.83070228348
21338.503133616035
20658.494010891372
19987.007218986975
19324.1715835566
18670.188277892434
18025.18023385134
17389.3458533223
16762.801907614536
16145.743984034672
15538.282417780978
14940.609957152448
14352.830214858186
13775.133097042344
13207.615194260487
12650.463591675461
12103.76754167298
11567.71135763332
11042.376617577927
10527.944944887124
10024.48988203547
9532.19048244252
9051.111860766303
8581.430665905775
8123.20315353744
7676.603787994315
7241.679485801427
6818.602812983039
6407.410804481744
6008.274496053058
5621.220418730443
5246.418548495265
4883.884186400978
4533.786849726326
4196.1297468675075
3871.082707116074
3558.6358006593546
3258.960164736485
2972.031436117476
2698.0233623909207
2436.8955028187193
2188.8259468195347
1953.7560306266257
1731.8705381501934
1523.0896913683036
1327.6082573479353
1145.3212958810984
976.4383269941866
820.8233084293001
678.7077754425081
549.9153300420156
434.7113283616888
332.8634026470197
244.69176482691378
169.8785932156437
108.84186828978059
61.1123814811716
27.313713455940842
6.640664362470324
0.06981675201624309
0.0009519670132097841
0.00011681266531181911
2.834028764171578e-05
9.789213014213755e-06
4.19355371325592e-06
2.0750903525859257e-06
1.1381770731259831e-06
6.742795213506673e-07
4.240395127542237e-07
2.7967086916759245e-07
1.9175347181411425e-07
1.3578039046529055e-07
9.879547254685287e-08
7.357432457348402e-08
5.590302037299094e-08
4.32269373457106e-08
3.394475113004776e-08
2.702292653440449e-08
2.1776972805912216e-08
1.7743059150733134e-08
1.4600372579958517e-08
1.2122889888345083e-08
1.0148691629764157e-08
8.56000895599087e-09
7.2699910648874366e-09
6.213770418303278e-09
5.342329623499457e-09
4.6182273177861096e-09
4.012577665053156e-09
3.502888026413872e-09
3.071492343276182e-09
2.704403312856158e-09
2.390462631298165e-09
2.1207058433345386e-09
1.887883041378609e-09
1.6860943123551407e-09
1.5105100001509056e-09
1.3571545657006116e-09
1.2227382667362458e-09
1.1045253063460733e-09
1.0002297676472677e-09
9.079330542101792e-10
8.260179899076477e-10
7.531159036850653e-10
6.880639455009778e-10
6.298704977362369e-10
5.776869268550549e-10
5.307845504996108e-10
4.885356273526605e-10
4.5039770744482477e-10
4.1590063757500825e-10
3.846357799816386e-10
3.562469606808211e-10
3.3042293860341695e-10
3.068910314970265e-10
2.854117599851427e-10
2.657743075451364e-10
2.4779267418599266e-10
2.3130237730235694e-10
2.1615768054286e-10
2.0222916763808151e-10
1.8940170969764197e-10
1.7757267083765635e-10
1.666504045988504e-10
1.5655291293474397e-10
1.4720671317597302e-10
1.3854584076881563e-10
1.305109810354677e-10
1.2304871714653536e-10
1.1611086938692377e-10
1.0965391376578509e-10
1.0363848209212341e-10
9.802890815057098e-11
9.279283844269557e-11
8.790088551462453e-11
8.332632004389256e-11
7.904480148858388e-11
7.503413677206437e-11
7.12740658484581e-11
6.774607271570088e-11
6.443321682032945e-11
6.131997977303742e-11
5.839212976926128e-11
5.5636608693772214e-11
5.304141190064615e-11
5.0595500817617434e-11
4.82887099146514e-11
4.611167399959029e-11
4.4055749710343893e-11
4.211296321077697e-11
4.027593847165948e-11
3.8537858633988575e-11
3.689241126747036e-11
3.5333748280257995e-11
3.385644628149515e-11
3.245547527389538e-11
3.112615972802392e-11
2.9864158801582885e-11
2.8665429621185357e-11
2.7526214877273032e-11
2.6443010193832736e-11
2.5412551947684683e-11
2.4431793810749362e-11
2.3497894400969445e-11
2.2608197797101146e-11
2.1760223065863746e-11
2.0951649046732032e-11
2.01803050789809e-11
1.9444155561226566e-11
1.8741297594561964e-11
1.8069942263919976e-11
1.74284162091353e-11
1.6815144609946884e-11
1.6228651792244195e-11
1.566754884368815e-11
1.5130531314897403e-11
1.4616371304089674e-11
1.4123913842182732e-11
1.3652071426412872e-11
1.3199819384155133e-11
1.2766190363593816e-11
1.235027465878037e-11
1.1951212014162002e-11
1.1568191605526673e-11
1.1200446890573566e-11
1.0847254091893263e-11
1.0507928421132932e-11
1.0181823692698144e-11
9.868326777532866e-12
9.566858267711001e-12
9.276870478259471e-12
8.997842577687013e-12
8.729281867046162e-12
8.470722201770473e-12
8.221719809451719e-12
7.981855447657156e-12
7.750729346797898e-12
7.527963574872099e-12
7.313197263473125e-12
7.106089817446728e-12
6.906315203087052e-12
6.713565289839553e-12
6.527545207131032e-12
6.3479759493434075e-12
6.174590704464111e-12
6.007136481795253e-12
5.8453710086435426e-12
5.689064694170198e-12
5.537997719568272e-12
5.3919615642082084e-12
5.250755665758043e-12
5.1141906968642565e-12
4.982083818308461e-12
4.854262917498986e-12
4.730561230412334e-12
4.610821125094079e-12
4.494890961287819e-12
4.382626755987615e-12
4.2738893602218954e-12
4.168547877908144e-12
4.066474922888084e-12
3.967550500483633e-12
3.87165734484948e-12
3.778686122467387e-12
3.688529544360775e-12
3.6010864232690704e-12
3.5162591102783267e-12
3.433954897532476e-12
3.35408314732276e-12
3.2765590722925532e-12
3.2012991969250603e-12
3.1282256741852863e-12
3.057261906081959e-12
2.988335528232305e-12
2.9213764330969222e-12
2.856317854721587e-12
2.7930948638671956e-12
2.7316463534373675e-12
2.6719120068527402e-12
2.6138352110165353e-12
2.5573608467351024e-12
2.502435964198352e-12
2.4490097572087233e-12
2.3970335313833027e-12
2.346459917180212e-12
2.2972441782133923e-12
2.249341855264614e-12
2.2027121364927336e-12
2.1573134708159967e-12
2.113107850621698e-12
2.0700571297056654e-12
2.028125747323337e-12
1.9872781286560847e-12
1.947481724877048e-12
1.9087030853197033e-12
1.870912198803843e-12
1.8340778100390736e-12
1.798171827106525e-12
1.763165549156123e-12
1.7290324295042025e-12
1.6957460940612318e-12
1.6632817059984627e-12
1.6316143474325304e-12
1.6007212964630898e-12
1.5705792546845103e-12
1.541166773989898e-12
1.5124623494276693e-12
1.484446033672468e-12
1.4570972489559528e-12
1.4303977247354294e-12
1.4043283058100926e-12
1.3788718647279201e-12
1.3540102598565203e-12
1.329727723750876e-12
1.3060071950402275e-12
1.2828338195770092e-12
1.2601919096586578e-12
1.2380670497425044e-12
1.2164450196203254e-12
1.1953122793740828e-12
1.174655053308287e-12
1.1544612131701088e-12
1.1347174851461148e-12
1.1154124705738476e-12
1.0965340517082008e-12
1.078071085487656e-12
1.0600123528503004e-12
1.0423475842826405e-12
1.0250661014741798e-12
1.0081581211450675e-12
9.916138417699046e-13
9.75423811659149e-13
9.595789170381312e-13
9.440705897151719e-13
9.28889809511293e-13
9.140285592812771e-13
8.994784102879802e-13
8.852320092131132e-13
8.712811718571886e-13
8.57618994821288e-13
8.442379575367313e-13
8.311314129910495e-13
8.182922229230115e-13
8.05714099534913e-13
7.933903001301924e-13
7.813151416173038e-13
7.694820086041037e-13
7.578855836150057e-13
7.465197530741336e-13
7.353792720412765e-13
7.244585031677776e-13
7.137525676450258e-13
7.032558770949519e-13
6.929639683114423e-13
6.82871796375318e-13
6.729746200314474e-13
6.632680675327048e-13
6.537477542921345e-13
6.444088854905168e-13
6.352480928160834e-13
6.262604584842449e-13
6.174427340569621e-13
6.087903420373732e-13
6.003002531406803e-13
5.919681756115253e-13
5.837911054564893e-13
5.757649783151142e-13
5.678869985481875e-13
5.601533687607873e-13
5.525612737185296e-13
5.451072375770638e-13
5.37788684127548e-13
5.306021063835147e-13
5.235451137661505e-13
5.166144603193725e-13
5.098077275952966e-13
5.031220634449774e-13
4.965550430726826e-13
4.901038052163787e-13
4.837661838575272e-13
4.775395325754917e-13
4.71421706533944e-13
4.654102036212361e-13
4.595030626231711e-13
4.5369776503000844e-13
4.479924515913099e-13
4.4238473486576063e-13
4.368730218095577e-13
4.314548700639937e-13
4.261287447694246e-13
4.208924376203786e-13
4.1574438447545697e-13
4.106824440261565e-13
4.0570530514373485e-13
4.008108247674704e-13
3.9599774793370287e-13
3.912639793103967e-13
3.866084243922773e-13
3.820291287965465e-13
3.7752479707892323e-13
3.730937581138229e-13
3.6873485227201685e-13
3.644462329179764e-13
3.6022696026013933e-13
3.5607540667694526e-13
3.5199035592740577e-13
3.4797043000423866e-13
3.440145690910848e-13
3.401213058957505e-13
3.3628954791318716e-13
3.3251805087349875e-13
3.2880584286582325e-13
3.251514633609572e-13
3.215541857182201e-13
3.1801264279909276e-13
3.145260083407045e-13
3.110930748111009e-13
3.077130522686629e-13
3.043846203123709e-13
3.0110720193103124e-13
2.978794584270238e-13
2.9470079884316525e-13
2.9157012095958845e-13
2.8848673328479756e-13
2.8544956234367297e-13
2.824579445412339e-13
2.795108229557763e-13
2.766077143750295e-13
2.737475086422143e-13
2.7092967584210253e-13
2.681532764771148e-13
2.654176931917435e-13
2.6272203997310275e-13
2.600658647822534e-13
2.574482374050326e-13
2.5486861170843123e-13
2.5232615584122944e-13
2.498205656143948e-13
2.4735073340255374e-13
2.4491637152517637e-13
2.425166870322788e-13
2.401511984826432e-13
2.378192121515321e-13
2.3552026173613096e-13
2.3325367399208824e-13
2.3101903140973124e-13
2.2881558157224895e-13
2.266430198275569e-13
2.2450066233810911e-13
2.223880599018293e-13
2.2030469735798706e-13
2.182501263088182e-13
2.1622374225761477e-13
2.1422528816603455e-13
2.122540706701293e-13
2.1030979373926215e-13
2.0839192200965013e-13
2.0650014800777815e-13
2.0463379802960737e-13
2.0279274597500226e-13
2.009763781967138e-13
1.9918442220080391e-13
1.974162492871601e-13
1.9567183934830437e-13
1.939504518559586e-13
1.9225199217550404e-13
1.9057583812087645e-13
1.8892195310191658e-13
1.8728963060091615e-13
1.856788087474628e-13
1.8408892848196015e-13
1.825198803613707e-13
1.809710902052847e-13
1.794424323126714e-13
1.779335250601876e-13
1.7644407394016874e-13
1.7497372859069624e-13
1.7352232151133513e-13
1.720893492149079e-13
1.7067466607051942e-13
1.6927804578534708e-13
1.6789906370706766e-13
1.6653745898573096e-13
1.6519315871679534e-13
1.638656543377613e-13
1.6255490992266037e-13
1.6126044255320346e-13
1.5998228471519484e-13
1.5871986587598717e-13
1.5747326501637051e-13
1.5624196354273472e-13
1.5502602078328926e-13
1.5382490905352883e-13
1.5263867151655022e-13
1.514669447269761e-13
1.5030953804937841e-13
1.4916619711495867e-13
1.4803685382655232e-13
1.469211680258555e-13
1.458190223740018e-13
1.4473014921384724e-13
1.436544323165749e-13
1.4259154723358329e-13
1.415415238518102e-13
1.4050397550328624e-13
1.3947885758090546e-13
1.3846589550443593e-13
1.3746504202161705e-13
1.3647594025724268e-13
1.3549861716280708e-13
1.3453274433090458e-13
1.335783532853248e-13
1.32634998456418e-13
1.3170283056709061e-13
1.3078144528631088e-13
1.2987090181575772e-13
1.2897084470023033e-13
1.2808139340135326e-13
1.2720206724230734e-13
1.263330205667329e-13
1.2547387414030914e-13
1.246247501396868e-13
1.237852362267104e-13
1.2295545343570837e-13
1.221350862597656e-13
1.2132411013385815e-13
1.2052230313555914e-13
1.1972971392512624e-13
1.1894603732007244e-13
1.181712307221072e-13
1.1740514952472067e-13
1.1664774291162104e-13
1.158987620765931e-13
1.151582794015441e-13
1.1442604399668017e-13
1.1370201394154605e-13
1.1298601383768393e-13
1.1227807023400879e-13
1.1157789106279421e-13
1.1088554256530572e-13
1.1020083990416798e-13
1.0952372257574028e-13
1.0885397587843567e-13
1.0819170069803994e-13
1.075366423209292e-13
1.0688881838671679e-13
1.0624803768479629e-13
1.0561432354762679e-13
1.0498746401635655e-13
1.0436744687884799e-13
1.0375415461490748e-13
1.0314757132681254e-13
1.0254745360590106e-13
1.0195390556844921e-13
1.0136672231309243e-13
1.0078591770071173e-13
1.0021134334286114e-13
9.96429869789324e-14
9.908064848274703e-14
9.852437072561956e-14
9.797403584190226e-14
9.742960700433029e-14
9.689090612829807e-14
9.635802165814283e-14
9.58307506126909e-14
9.530912025825633e-14
9.479297370103799e-14
9.428233018581312e-14
9.377705199162201e-14
9.327715034624279e-14
9.278248043903624e-14
9.22930370591406e-14
9.180870301591024e-14
9.132950828489777e-14
9.085531968258918e-14
9.038609078172731e-14
8.992175851769506e-14
8.946232841305988e-14
8.900765324169406e-14
8.855775636766793e-14
8.811249212733006e-14
8.767190981831664e-14
8.723584832774004e-14
8.680439092904776e-14
8.63773610765034e-14
8.595475889735814e-14
8.553650134719506e-14
8.512268028150315e-14
8.471298955960141e-14
8.430763759396932e-14
8.390640266232125e-14
8.350939364608135e-14
8.311637421916274e-14
8.272748628224578e-14
8.234251152868765e-14
8.196155912434331e-14
8.15844449485455e-14
8.121130242684079e-14
8.084189201495656e-14
8.047632302075003e-14
8.011447045012862e-14
7.975636291841684e-14
7.940186859323407e-14
7.905104058967783e-14
7.87037959903876e-14
7.836007646084146e-14
7.801987179500081e-14
7.76831877073545e-14
7.734987176293483e-14
7.70200331184126e-14
7.669349663870684e-14
7.637034000558843e-14
7.605043645631424e-14
7.57338636457842e-14
7.542041758753698e-14
7.511026986508917e-14
7.480321753030833e-14
7.449935408032129e-14
7.419850903052668e-14
7.390080687356947e-14
7.36060626707544e-14
7.331443156763577e-14
7.302569882566735e-14
7.273992735625998e-14
7.24570877783896e-14
7.217712040443239e-14
7.190002698368322e-14
7.162577883502831e-14
7.135428676963619e-14
7.108561383820186e-14
7.081970161142381e-14
7.055650720855637e-14
7.029595793739645e-14
7.003817721798e-14
6.978297224548243e-14
6.95304364199351e-14
6.928039316779224e-14
6.903302563945797e-14
6.87881578897451e-14
6.854582358973095e-14
6.830598190876319e-14
6.806866647135198e-14
6.783371822567774e-14
6.760128960113826e-14
6.737122216458942e-14
6.714356479008685e-14
6.691824840506932e-14
6.669532186064975e-14
6.647465783575405e-14
6.62563347143801e-14
6.604029891798128e-14
6.58265118243704e-14
6.561493508342593e-14
6.540560330005593e-14
6.51985218533493e-14
6.499356569011313e-14
6.479079866174259e-14
6.459019756658112e-14
6.439169609951662e-14
6.419528599622235e-14
6.40010165888304e-14
6.38087933494692e-14
6.361860836825661e-14
6.34305110724331e-14
6.324439337756259e-14
6.306030487757141e-14
6.287816662092091e-14
6.269809940495081e-14
6.251989646423177e-14
6.234367867441026e-14
6.216936783306833e-14
6.19969569708983e-14
6.182645331902053e-14
6.165783586817492e-14
6.149105556160756e-14
6.132614809649892e-14
6.116306466001719e-14
6.100186904417187e-14
6.084242844080168e-14
6.068477880015525e-14
6.052891396024007e-14
6.037479988663181e-14
6.022244459643227e-14
6.007185609664206e-14
5.992298672677956e-14
5.977581688876885e-14
5.963034099164276e-14
5.948659509412612e-14
5.934454587638365e-14
5.920409105503728e-14
5.906532226751883e-14
5.892822036277883e-14
5.879271118009754e-14
5.865884483550492e-14
5.852660249039567e-14
5.839593795140081e-14
5.826686014755475e-14
5.813935058794212e-14
5.801343196836702e-14
5.788904485993402e-14
5.776621209299996e-14
5.764491549031328e-14
5.752512335023074e-14
5.74068858518762e-14
5.729014415672076e-14
5.717486688264737e-14
5.706110427594048e-14
5.694882502598485e-14
5.683799797919242e-14
5.672861921343733e-14
5.662073895790814e-14
5.651427215342443e-14
5.640924209900434e-14
5.630564506349259e-14
5.620346388721681e-14
5.610265457848187e-14
5.600325404732587e-14
5.5905285665980246e-14
5.5808678760023756e-14
5.571343001841541e-14
5.5619576391369964e-14
5.5527087765575964e-14
5.5435947545917803e-14
5.5346152598162444e-14
5.5257713193980005e-14
5.5170572848528234e-14
5.508478201766581e-14
5.5000324379511323e-14
5.4917170376237186e-14
5.4835303884181123e-14
5.475478866798065e-14
5.467551555014904e-14
5.459756165148798e-14
5.4520857906718556e-14
5.4445468113789695e-14
5.4371296874566856e-14
5.429844776842866e-14
5.4226812341731464e-14
5.415648088538276e-14
5.4087331973020737e-14
5.401948232941813e-14
5.395285036993938e-14
5.3887473504698085e-14
5.382329677478083e-14
5.376038400455889e-14
5.369862766456584e-14
5.3638117978007704e-14
5.3578773950353674e-14
5.352071205628199e-14
5.346381197207426e-14
5.340812444021962e-14
5.335358196245999e-14
5.330026156796602e-14
5.3248135231292864e-14
5.319717501732293e-14
5.314736618293401e-14
5.30987464397665e-14
5.30513010943657e-14
5.300501551451105e-14
5.2959848965035404e-14
5.2915930800001165e-14
5.2873102641455943e-14
5.283145464595735e-14
5.2790920136236076e-14
5.275156312710628e-14
5.2713356216637877e-14
5.2676272077982465e-14
5.264028345659916e-14
5.2605493542883466e-14
5.25717968931174e-14
5.253924458471327e-14
5.250780951347782e-14
5.247747766364379e-14
5.2448274123098994e-14
5.242026302973805e-14
5.239330031087549e-14
5.236746321115993e-14
5.234273789784369e-14
5.231916259379082e-14
5.2296645531190825e-14
5.2275251012836555e-14
5.225496535860607e-14
5.223576194211289e-14
5.221769212636476e-14
5.220071636295452e-14
5.218482113445596e-14
5.217007086582503e-14
5.2156387181886866e-14
5.214382158456001e-14
5.2132321755247075e-14
5.212196520670922e-14
5.2112660764252054e-14
5.2104460047605274e-14
5.209734982197829e-14
5.209136878528798e-14
5.208639998555816e-14
5.2082637866657316e-14
5.207988771398092e-14
5.207827916776972e-14
5.2077695427304176e-14
5.207827916776972e-14
5.207988771398092e-14
5.2082637866657316e-14
5.208639998555816e-14
5.209136878528798e-14
5.209734982197829e-14
5.2104460047605274e-14
5.2112660764252054e-14
5.212196520670922e-14
5.2132321755247075e-14
5.214382158456001e-14
5.2156387181886866e-14
5.217007086582503e-14
5.218482113445596e-14
5.220071636295452e-14
5.221769212636476e-14
5.223576194211289e-14
5.225496535860607e-14
5.2275251012836555e-14
5.2296645531190825e-14
5.231916259379082e-14
5.234273789784369e-14
5.236746321115993e-14
5.239330031087549e-14
5.242026302973805e-14
5.2448274123098994e-14
5.247747766364379e-14
5.250780951347782e-14
5.253924458471327e-14
5.25717968931174e-14
5.2605493542883466e-14
5.264028345659916e-14
5.2676272077982465e-14
5.2713356216637877e-14
5.275156312710628e-14
5.2790920136236076e-14
5.283145464595735e-14
5.2873102641455943e-14
5.2915930800001165e-14
5.2959848965035404e-14
5.300501551451105e-14
5.30513010943657e-14
5.30987464397665e-14
5.314736618293401e-14
5.319717501732293e-14
5.3248135231292864e-14
5.330026156796602e-14
5.335358196245999e-14
5.340812444021962e-14
5.346381197207426e-14
5.352071205628199e-14
5.3578773950353674e-14
5.3638117978007704e-14
5.369862766456584e-14
5.376038400455889e-14
5.382329677478083e-14
5.3887473504698085e-14
5.395285036993938e-14
5.401948232941813e-14
5.4087331973020737e-14
5.415648088538276e-14
5.4226812341731464e-14
5.429844776842866e-14
5.4371296874566856e-14
5.4445468113789695e-14
5.4520857906718556e-14
5.459756165148798e-14
5.467551555014904e-14
5.475478866798065e-14
5.4835303884181123e-14
5.4917170376237186e-14
5.5000324379511323e-14
5.508478201766581e-14
5.5170572848528234e-14
5.5257713193980005e-14
5.5346152598162444e-14
5.5435947545917803e-14
5.5527087765575964e-14
5.5619576391369964e-14
5.571343001841541e-14
5.5808678760023756e-14
5.5905285665980246e-14
5.600325404732587e-14
5.610265457848187e-14
5.620346388721681e-14
5.630564506349259e-14
5.640924209900434e-14
5.651427215342443e-14
5.662073895790814e-14
5.672861921343733e-14
5.683799797919242e-14
5.694882502598485e-14
5.706110427594048e-14
5.717486688264737e-14
5.729014415672076e-14
5.74068858518762e-14
5.752512335023074e-14
5.764491549031328e-14
5.776621209299996e-14
5.788904485993402e-14
5.801343196836702e-14
5.813935058794212e-14
5.826686014755475e-14
5.839593795140081e-14
5.852660249039567e-14
5.865884483550492e-14
5.879271118009754e-14
5.892822036277883e-14
5.906532226751883e-14
5.920409105503728e-14
5.934454587638365e-14
5.948659509412612e-14
5.963034099164276e-14
5.977581688876885e-14
5.992298672677956e-14
6.007185609664206e-14
6.022244459643227e-14
6.037479988663181e-14
6.052891396024007e-14
6.068477880015525e-14
6.084242844080168e-14
6.100186904417187e-14
6.116306466001719e-14
6.132614809649892e-14
6.149105556160756e-14
6.165783586817492e-14
6.182645331902053e-14
6.19969569708983e-14
6.216936783306833e-14
6.234367867441026e-14
6.251989646423177e-14
6.269809940495081e-14
6.287816662092091e-14
6.306030487757141e-14
6.324439337756259e-14
6.34305110724331e-14
6.361860836825661e-14
6.38087933494692e-14
6.40010165888304e-14
6.419528599622235e-14
6.439169609951662e-14
6.459019756658112e-14
6.479079866174259e-14
6.499356569011313e-14
6.51985218533493e-14
6.540560330005593e-14
6.561493508342593e-14
6.58265118243704e-14
6.604029891798128e-14
6.62563347143801e-14
6.647465783575405e-14
6.669532186064975e-14
6.691824840506932e-14
6.714356479008685e-14
6.737122216458942e-14
6.760128960113826e-14
6.783371822567774e-14
6.806866647135198e-14
6.830598190876319e-14
6.854582358973095e-14
6.87881578897451e-14
6.903302563945797e-14
6.928039316779224e-14
6.95304364199351e-14
6.978297224548243e-14
7.003817721798e-14
7.029595793739645e-14
7.055650720855637e-14
7.081970161142381e-14
7.108561383820186e-14
7.135428676963619e-14
7.162577883502831e-14
7.190002698368322e-14
7.217712040443239e-14
7.24570877783896e-14
7.273992735625998e-14
7.302569882566735e-14
7.331443156763577e-14
7.36060626707544e-14
7.390080687356947e-14
7.419850903052668e-14
7.449935408032129e-14
7.480321753030833e-14
7.511026986508917e-14
7.542041758753698e-14
7.57338636457842e-14
7.605043645631424e-14
7.637034000558843e-14
7.669349663870684e-14
7.70200331184126e-14
7.734987176293483e-14
7.76831877073545e-14
7.801987179500081e-14
7.836007646084146e-14
7.87037959903876e-14
7.905104058967783e-14
7.940186859323407e-14
7.975636291841684e-14
8.011447045012862e-14
8.047632302075003e-14
8.084189201495656e-14
8.121130242684079e-14
8.15844449485455e-14
8.196155912434331e-14
8.234251152868765e-14
8.272748628224578e-14
8.311637421916274e-14
8.350939364608135e-14
8.390640266232125e-14
8.430763759396932e-14
8.471298955960141e-14
8.512268028150315e-14
8.553650134719506e-14
8.595475889735814e-14
8.63773610765034e-14
8.680439092904776e-14
8.723584832774004e-14
8.767190981831664e-14
8.811249212733006e-14
8.855775636766793e-14
8.900765324169406e-14
8.946232841305988e-14
8.992175851769506e-14
9.038609078172731e-14
9.085531968258918e-14
9.132950828489777e-14
9.180870301591024e-14
9.22930370591406e-14
9.278248043903624e-14
9.327715034624279e-14
9.377705199162201e-14
9.428233018581312e-14
9.479297370103799e-14
9.530912025825633e-14
9.58307506126909e-14
9.635802165814283e-14
9.689090612829807e-14
9.742960700433029e-14
9.797403584190226e-14
9.852437072561956e-14
9.908064848274703e-14
9.96429869789324e-14
1.0021134334286114e-13
1.0078591770071173e-13
1.0136672231309243e-13
1.0195390556844921e-13
1.0254745360590106e-13
1.0314757132681254e-13
1.0375415461490748e-13
1.0436744687884799e-13
1.0498746401635655e-13
1.0561432354762679e-13
1.0624803768479629e-13
1.0688881838671679e-13
1.075366423209292e-13
1.0819170069803994e-13
1.0885397587843567e-13
1.0952372257574028e-13
1.1020083990416798e-13
1.1088554256530572e-13
1.1157789106279421e-13
1.1227807023400879e-13
1.1298601383768393e-13
1.1370201394154605e-13
1.1442604399668017e-13
1.151582794015441e-13
1.158987620765931e-13
1.1664774291162104e-13
1.1740514952472067e-13
1.181712307221072e-13
1.1894603732007244e-13
1.1972971392512624e-13
1.2052230313555914e-13
1.2132411013385815e-13
1.221350862597656e-13
1.2295545343570837e-13
1.237852362267104e-13
1.246247501396868e-13
1.2547387414030914e-13
1.263330205667329e-13
1.2720206724230734e-13
1.2808139340135326e-13
1.2897084470023033e-13
1.2987090181575772e-13
1.3078144528631088e-13
1.3170283056709061e-13
1.32634998456418e-13
1.335783532853248e-13
1.3453274433090458e-13
1.3549861716280708e-13
1.3647594025724268e-13
1.3746504202161705e-13
1.3846589550443593e-13
1.3947885758090546e-13
1.4050397550328624e-13
1.415415238518102e-13
1.4259154723358329e-13
1.436544323165749e-13
1.4473014921384724e-13
1.458190223740018e-13
1.469211680258555e-13
1.4803685382655232e-13
1.4916619711495867e-13
1.5030953804937841e-13
1.514669447269761e-13
1.5263867151655022e-13
1.5382490905352883e-13
1.5502602078328926e-13
1.5624196354273472e-13
1.5747326501637051e-13
1.5871986587598717e-13
1.5998228471519484e-13
1.6126044255320346e-13
1.6255490992266037e-13
1.638656543377613e-13
1.6519315871679534e-13
1.6653745898573096e-13
1.6789906370706766e-13
1.6927804578534708e-13
1.7067466607051942e-13
1.720893492149079e-13
1.7352232151133513e-13
1.7497372859069624e-13
1.7644407394016874e-13
1.779335250601876e-13
1.794424323126714e-13
1.809710902052847e-13
1.825198803613707e-13
1.8408892848196015e-13
1.856788087474628e-13
1.8728963060091615e-13
1.8892195310191658e-13
1.9057583812087645e-13
1.9225199217550404e-13
1.939504518559586e-13
1.9567183934830437e-13
1.974162492871601e-13
1.9918442220080391e-13
2.009763781967138e-13
2.0279274597500226e-13
2.0463379802960737e-13
2.0650014800777815e-13
2.0839192200965013e-13
2.1030979373926215e-13
2.122540706701293e-13
2.1422528816603455e-13
2.1622374225761477e-13
2.182501263088182e-13
2.2030469735798706e-13
2.223880599018293e-13
2.2450066233810911e-13
2.266430198275569e-13
2.2881558157224895e-13
2.3101903140973124e-13
2.3325367399208824e-13
2.3552026173613096e-13
2.378192121515321e-13
2.401511984826432e-13
2.425166870322788e-13
2.4491637152517637e-13
2.4735073340255374e-13
2.498205656143948e-13
2.5232615584122944e-13
2.5486861170843123e-13
2.574482374050326e-13
2.600658647822534e-13
2.6272203997310275e-13
2.654176931917435e-13
2.681532764771148e-13
2.7092967584210253e-13
2.737475086422143e-13
2.766077143750295e-13
2.795108229557763e-13
2.824579445412339e-13
2.8544956234367297e-13
2.8848673328479756e-13
2.9157012095958845e-13
2.9470079884316525e-13
2.978794584270238e-13
3.0110720193103124e-13
3.043846203123709e-13
3.077130522686629e-13
3.110930748111009e-13
3.145260083407045e-13
3.1801264279909276e-13
3.215541857182201e-13
3.251514633609572e-13
3.2880584286582325e-13
3.3251805087349875e-13
3.3628954791318716e-13
3.401213058957505e-13
3.440145690910848e-13
3.4797043000423866e-13
3.5199035592740577e-13
3.5607540667694526e-13
3.6022696026013933e-13
3.644462329179764e-13
3.6873485227201685e-13
3.730937581138229e-13
3.7752479707892323e-13
3.820291287965465e-13
3.866084243922773e-13
3.912639793103967e-13
3.9599774793370287e-13
4.008108247674704e-13
4.0570530514373485e-13
4.106824440261565e-13
4.1574438447545697e-13
4.208924376203786e-13
4.261287447694246e-13
4.314548700639937e-13
4.368730218095577e-13
4.4238473486576063e-13
4.479924515913099e-13
4.5369776503000844e-13
4.595030626231711e-13
4.654102036212361e-13
4.71421706533944e-13
4.775395325754917e-13
4.837661838575272e-13
4.901038052163787e-13
4.965550430726826e-13
5.031220634449774e-13
5.098077275952966e-13
5.166144603193725e-13
5.235451137661505e-13
5.306021063835147e-13
5.37788684127548e-13
5.451072375770638e-13
5.525612737185296e-13
5.601533687607873e-13
5.678869985481875e-13
5.757649783151142e-13
5.837911054564893e-13
5.919681756115253e-13
6.003002531406803e-13
6.087903420373732e-13
6.174427340569621e-13
6.262604584842449e-13
6.352480928160834e-13
6.444088854905168e-13
6.537477542921345e-13
6.632680675327048e-13
6.729746200314474e-13
6.82871796375318e-13
6.929639683114423e-13
7.032558770949519e-13
7.137525676450258e-13
7.244585031677776e-13
7.353792720412765e-13
7.465197530741336e-13
7.578855836150057e-13
7.694820086041037e-13
7.813151416173038e-13
7.933903001301924e-13
8.05714099534913e-13
8.182922229230115e-13
8.311314129910495e-13
8.442379575367313e-13
8.57618994821288e-13
8.712811718571886e-13
8.852320092131132e-13
8.994784102879802e-13
9.140285592812771e-13
9.28889809511293e-13
9.440705897151719e-13
9.595789170381312e-13
9.75423811659149e-13
9.916138417699046e-13
1.0081581211450675e-12
1.0250661014741798e-12
1.0423475842826405e-12
1.0600123528503004e-12
1.078071085487656e-12
1.0965340517082008e-12
1.1154124705738476e-12
1.1347174851461148e-12
1.1544612131701088e-12
1.174655053308287e-12
1.1953122793740828e-12
1.2164450196203254e-12
1.2380670497425044e-12
1.2601919096586578e-12
1.2828338195770092e-12
1.3060071950402275e-12
1.329727723750876e-12
1.3540102598565203e-12
1.3788718647279201e-12
1.4043283058100926e-12
1.4303977247354294e-12
1.4570972489559528e-12
1.484446033672468e-12
1.5124623494276693e-12
1.541166773989898e-12
1.5705792546845103e-12
1.6007212964630898e-12
1.6316143474325304e-12
1.6632817059984627e-12
1.6957460940612318e-12
1.7290324295042025e-12
1.763165549156123e-12
1.798171827106525e-12
1.8340778100390736e-12
1.870912198803843e-12
1.9087030853197033e-12
1.947481724877048e-12
1.9872781286560847e-12
2.028125747323337e-12
2.0700571297056654e-12
2.113107850621698e-12
2.1573134708159967e-12
2.2027121364927336e-12
2.249341855264614e-12
2.2972441782133923e-12
2.346459917180212e-12
2.3970335313833027e-12
2.4490097572087233e-12
2.502435964198352e-12
2.5573608467351024e-12
2.6138352110165353e-12
2.6719120068527402e-12
2.7316463534373675e-12
2.7930948638671956e-12
2.856317854721587e-12
2.9213764330969222e-12
2.988335528232305e-12
3.057261906081959e-12
3.1282256741852863e-12
3.2012991969250603e-12
3.2765590722925532e-12
3.35408314732276e-12
3.433954897532476e-12
3.5162591102783267e-12
3.6010864232690704e-12
3.688529544360775e-12
3.778686122467387e-12
3.87165734484948e-12
3.967550500483633e-12
4.066474922888084e-12
4.168547877908144e-12
4.2738893602218954e-12
4.382626755987615e-12
4.494890961287819e-12
4.610821125094079e-12
4.730561230412334e-12
4.854262917498986e-12
4.982083818308461e-12
5.1141906968642565e-12
5.250755665758043e-12
5.3919615642082084e-12
5.537997719568272e-12
5.689064694170198e-12
5.8453710086435426e-12
6.007136481795253e-12
6.174590704464111e-12
6.3479759493434075e-12
6.527545207131032e-12
6.713565289839553e-12
6.906315203087052e-12
7.106089817446728e-12
7.313197263473125e-12
7.527963574872099e-12
7.750729346797898e-12
7.981855447657156e-12
8.221719809451719e-12
8.470722201770473e-12
8.729281867046162e-12
8.997842577687013e-12
9.276870478259471e-12
9.566858267711001e-12
9.868326777532866e-12
1.0181823692698144e-11
1.0507928421132932e-11
1.0847254091893263e-11
1.1200446890573566e-11
1.1568191605526673e-11
1.1951212014162002e-11
1.235027465878037e-11
1.2766190363593816e-11
1.3199819384155133e-11
1.3652071426412872e-11
1.4123913842182732e-11
1.4616371304089674e-11
1.5130531314897403e-11
1.566754884368815e-11
1.6228651792244195e-11
1.6815144609946884e-11
1.74284162091353e-11
1.8069942263919976e-11
1.8741297594561964e-11
1.9444155561226566e-11
2.01803050789809e-11
2.0951649046732032e-11
2.1760223065863746e-11
2.2608197797101146e-11
2.3497894400969445e-11
2.4431793810749362e-11
2.5412551947684683e-11
2.6443010193832736e-11
2.7526214877273032e-11
2.8665429621185357e-11
2.9864158801582885e-11
3.112615972802392e-11
3.245547527389538e-11
3.385644628149515e-11
3.5333748280257995e-11
3.689241126747036e-11
3.8537858633988575e-11
4.027593847165948e-11
4.211296321077697e-11
4.4055749710343893e-11
4.611167399959029e-11
4.82887099146514e-11
5.0595500817617434e-11
5.304141190064615e-11
5.5636608693772214e-11
5.839212976926128e-11
6.131997977303742e-11
6.443321682032945e-11
6.774607271570088e-11
7.12740658484581e-11
7.503413677206437e-11
7.904480148858388e-11
8.332632004389256e-11
8.790088551462453e-11
9.279283844269557e-11
9.802890815057098e-11
1.0363848209212341e-10
1.0965391376578509e-10
1.1611086938692377e-10
1.2304871714653536e-10
1.305109810354677e-10
1.3854584076881563e-10
1.4720671317597302e-10
1.5655291293474397e-10
1.666504045988504e-10
1.7757267083765635e-10
1.8940170969764197e-10
2.0222916763808151e-10
2.1615768054286e-10
2.3130237730235694e-10
2.4779267418599266e-10
2.657743075451364e-10
2.854117599851427e-10
3.068910314970265e-10
3.3042293860341695e-10
3.562469606808211e-10
3.846357799816386e-10
4.1590063757500825e-10
4.5039770744482477e-10
4.885356273526605e-10
5.307845504996108e-10
5.776869268550549e-10
6.298704977362369e-10
6.880639455009778e-10
7.531159036850653e-10
8.260179899076477e-10
9.079330542101792e-10
1.0002297676472677e-09
1.1045253063460733e-09
1.2227382667362458e-09
1.3571545657006116e-09
1.5105100001509056e-09
1.6860943123551407e-09
1.887883041378609e-09
2.1207058433345386e-09
2.390462631298165e-09
2.704403312856158e-09
3.071492343276182e-09
3.502888026413872e-09
4.012577665053156e-09
4.6182273177861096e-09
5.342329623499457e-09
6.213770418303278e-09
7.2699910648874366e-09
8.56000895599087e-09
1.0148691629764157e-08
1.2122889888345083e-08
1.4600372579958517e-08
1.7743059150733134e-08
2.1776972805912216e-08
2.702292653440449e-08
3.394475113004776e-08
4.32269373457106e-08
5.590302037299094e-08
7.357432457348402e-08
9.879547254685287e-08
1.3578039046529055e-07
1.9175347181411425e-07
2.7967086916759245e-07
4.240395127542237e-07
6.742795213506673e-07
1.1381770731259831e-06
2.0750903525859257e-06
4.19355371325592e-06
9.789213014213755e-06
2.834028764171578e-05
0.00011681266531181911
0.0009519670132097841
0.06981675201624309
6.640664362470324
27.313713455940842
61.1123814811716
108.84186828978059
169.8785932156437
244.69176482691378
332.8634026470197
434.7113283616888
549.9153300420156
678.7077754425081
820.8233084293001
976.4383269941866
1145.3212958810984
1327.6082573479353
1523.0896913683036
1731.8705381501934
1953.7560306266257
2188.8259468195347
2436.8955028187193
2698.0233623909207
2972.031436117476
3258.960164736485
3558.6358006593546
3871.082707116074
4196.1297468675075
4533.786849726326
4883.884186400978
5246.418548495265
5621.220418730443
6008.274496053058
6407.410804481744
6818.602812983039
7241.679485801427
7676.603787994315
8123.20315353744
8581.430665905775
9051.111860766303
9532.19048244252
10024.48988203547
10527.944944887124
11042.376617577927
11567.71135763332
12103.76754167298
12650.463591675461
13207.615194260487
13775.133097042344
14352.830214858186
14940.609957152448
15538.282417780978
16145.743984034672
16762.801907614536
17389.3458533223
18025.18023385134
18670.188277892434
19324.1715835566
19987.007218986975
20658.494010891372
21338.503133616035
22026.83070228348
22723.342257009637
23427.83127599981
24140.157918849687
24860.113114839463
25587.551891982064
26322.262730634207
27064.095772275945
27812.837159210612
28568.332388268194
29330.36538443795
30098.77723920058
30873.349789957356
31653.919960030093
32440.267637159912
33232.225811966215
34029.57256795584
34832.137197063814
35639.69613085125
36452.075195376514
37269.049328827896
38090.44112315351
38916.02418749731
39745.61811054151
40578.99534198272
41415.97269723539
42256.321640962764
43099.85644450175
43946.347766293584
44795.60756198519
45647.40586661165
46501.55254769142
47357.81720330475
48216.00783952868
49075.89380722737
49937.28147677744
50799.94014452487
51663.674769849116
52528.25478992313
53393.4839766852
54259.13210583193
55125.00198414299
55990.8639256054
56856.519992708076
57721.74123929819
58586.32920287152
59450.05588025374
60312.722501506716
61174.10221086019
62033.99614658224
62892.17880581076
63748.45144854791
64602.590131206525
65454.39644673445
66303.64821784564
67150.1475791127
67993.6743270469
68834.03134376406
69671.000607364
70504.38595042324
71333.97174055561
72159.562960462
72980.94657518677
73797.92891369745
74610.29974624957
75417.86694041693
76220.42327920505
77017.77835703088
77809.72817686242
78596.08424377692
79376.6459875312
80151.22700292006
80919.63035289744
81681.67189590904
82437.15853409671
83185.90855797353
83927.73291447919
84662.45248866604
85389.88247758202
86109.84651687836
86822.16425885232
87526.66223888576
88223.16476968717
88911.50142799971
89591.50139238652
90262.99741443775
90925.82374464205
91579.81643404806
92224.8150122163
92860.65894455725
93487.19324849792
94104.26090804153
94711.71263965018
95309.39503835393
95897.16473410768
96474.87201227625
97042.37963520766
97599.5416431969
98146.22715578171
98682.29401615518
99207.61793357308
99722.06058312682
100225.50450638136
100717.81521746409
101198.88234588198
101668.57522644349
102126.7908491085
102573.40232090828
103008.3142866343
103431.40354103255
103842.58270653912
104241.73213726663
104628.77279330158
105003.588405552
105366.10868082236
105716.2204759154
106053.86271886188
106378.92505355296
106691.35619228004
106991.04811148308
107277.95999262012
107551.98553374596
107813.09524183381
108061.18370788428
108296.23386841195
108518.14006487525
108726.89913713871
108922.40356336917
109104.66613584188
109273.57511182503
109429.16222790926
109571.30791330573
109700.06749460081
109815.30769075733
109917.11524109833
110005.33265417986
110080.0928369915
110141.19264593671
110188.84413581168
110222.7446314227
110243.27797342472
110250.00184771816
110249.91769411886
110250.05821162098
110249.95651340412
110250.03447212551
110249.97146604858
110250.02436931367
110249.978697675
110250.01895606195
110249.98289378708
110250.01561184479
110249.98561970069
110250.01334832523
110249.98752866518
110250.01171704139
110249.98893849652
110250.01048661134
110249.99002158665
110250.00952599775
110249.99087929583
110250.00875557859
110249.9915750312
110250.00812423883
110249.99215045356
110250.00759768471
110249.99263404767
110250.0071520615
110249.99304594158
110250.00677026795
110249.99340075758
110250.00643972759
110249.99370937186
110250.0061509867
110249.9939800404
110250.00589680336
110249.99421914222
110250.00567153687
110249.99443168323
110250.00547072936
110249.9946216462
110250.00529081187
110249.99479223866
110250.00512889356
110249.99494607245
110250.00498260884
110249.99508529523
110250.00485000381
110249.99521168847
110250.00472945072
110249.99532674214
110250.00461958346
110249.99543171102
110250.00451924751
110249.99552765902
110250.00442746097
110249.99561549362
110250.00434338424
110249.99569599263
110250.00426629564
110249.99576982643
110250.00419557189
110249.99583757488
110250.00413067293
110249.99589974164
110250.00407112874
110249.99595676563
110250.00401652922
110249.99600903022
110250.0039665158
110249.99605687114
110250.00392077393
110249.9961005829
110250.00387902773
110249.996140424
110250.00384103486
110249.9961766217
110250.0038065825
110249.99620937533
110250.00377548387
110249.9962388598
110250.00374757551
110249.9962652279
110250.00372271443
110249.9962886129
110250.00370077668
110249.99630913003
110250.00368165526
110249.99632687854
110250.00366525861
110249.99634194252
110250.0036515097
110249.99635439228
110250.0036403448
110249.99636428514
110250.00363171285
110249.99637166606
110250.00362557473
110249.9963765683
110250.00362190274
110249.99637901403
