-15.375482477667292
11.474351038974845
57.220357351447134
111.17759203809108
155.90708589158837
174.0647170096564
156.4375681133204
107.2724551047553
43.965809471308525
-9.255332965561353
-31.134523135118037
-12.378703289900875
40.18537268473611
106.16977793161409
159.8042801524698
180.24619914970825
159.75395967788774
106.51456398813332
41.207314886544566
-11.130808538875405
-30.678978469165042
-10.22477543156542
42.284286941059435
106.85224458359356
158.98855053799804
178.91007754428088
159.00287266132773
106.75528804636606
42.00309827243154
-10.555330535149109
-30.783362969589053
-10.863804774378515
41.63802474324448
106.63911454522972
159.24843750645607
179.33422361887827
159.24090796480738
106.68988430189859
41.78421162347675
-10.694092421258189
-30.73247583637449
-10.694092421258187
41.78421162347675
106.68988430189857
159.2409079648074
179.33422361887827
159.24843750645607
106.63911454522975
41.63802474324448
-10.863804774378515
-30.783362969589053
-10.555330535149107
42.00309827243154
106.75528804636603
159.00287266132776
178.91007754428088
158.98855053799804
106.85224458359357
42.284286941059435
-10.22477543156542
-30.67897846916504
-11.130808538875405
41.207314886544566
106.5145639881333
159.75395967788774
180.24619914970825
159.8042801524698
106.1697779316141
40.185372684736116
-12.378703289900875
-31.134523135118034
-9.255332965561353
43.96580947130853
107.27245510475528
156.43756811332042
174.0647170096564
155.90708589158837
111.1775920380911
57.22035735144714
11.474351038974845
-15.375482477667294
-22.17406551197916
-15.42294259952891
-4.485024039448585
3.2921364210201136
5.192883955536119
2.7625871035938134
-0.5861565599065576
-2.1863397576526236
-1.4649992097493016
